128, 1037.55, 1037.55, 291016.00
129, 1037.55, 1037.55, 286356.00
130, 1037.55, 1037.55, 284432.00
131, 1037.55, 1037.55, 284789.00
132, 1037.55, 1037.55, 0.00
132, 1037.55, 1037.55, 286808.00
133, 1037.55, 1037.55, 284505.00
134, 1037.55, 1037.55, 286986.00
135, 1037.55, 1037.55, 287387.00
136, 1037.55, 1037.55, 284472.00
136, 1037.55, 1037.55, 283086.00
137, 1037.55, 1037.55, 283291.00
138, 1037.55, 1037.55, 286341.00
139, 1037.55, 1037.55, 286243.00
140, 1037.55, 1037.55, 286229.00
140, 1037.55, 1037.55, 286350.00
141, 1037.55, 1037.55, 285771.00
142, 1037.55, 1037.55, 285762.00
143, 1037.55, 1037.55, 285607.00
144, 1037.55, 1037.55, 285738.00
144, 1037.55, 1037.55, 285787.00
145, 1037.55, 1037.55, 285937.00
146, 1037.55, 1037.55, 285936.00
147, 1037.55, 1037.55, 285953.00
148, 1037.55, 1037.55, 285986.00
148, 1037.55, 1037.55, 286051.00
149, 1037.55, 1037.55, 286068.00
150, 1037.55, 1037.55, 286076.00
151, 1037.55, 1037.55, 286044.00
152, 1037.55, 1037.55, 286123.00
152, 1037.55, 1037.55, 286148.00
153, 1037.55, 1037.55, 286120.00
154, 1037.55, 1037.55, 286097.00
155, 1037.55, 1037.55, 286139.00
156, 1037.55, 1037.55, 286183.00
157, 1037.55, 1037.55, 286145.00
157, 1037.55, 1037.55, 286103.00
158, 1037.55, 1037.55, 286223.00
159, 1037.55, 1037.55, 286169.00
160, 1037.55, 1037.55, 286142.00
161, 1037.55, 1037.55, 286197.00
161, 1037.55, 1037.55, 286291.00
162, 1037.55, 1037.55, 286211.00
163, 1037.55, 1037.55, 286106.00
164, 1037.55, 1037.55, 286232.00
165, 1037.55, 1037.55, 286134.00
165, 1037.55, 1037.55, 286125.00
166, 1037.55, 1037.55, 286249.00
167, 1037.55, 1037.55, 286016.00
168, 1037.55, 1037.55, 286551.00
169, 1037.55, 1037.55, 286598.00
169, 1037.55, 1037.55, 286446.00
170, 1037.55, 1037.55, 286614.00
171, 1037.55, 1037.55, 286149.00
172, 1037.55, 1037.55, 286103.00
173, 1037.55, 1037.55, 286686.00
173, 1037.55, 1037.55, 286638.00
174, 1037.55, 1037.55, 286244.00
175, 1037.55, 1037.55, 286684.00
176, 1037.55, 1037.55, 286644.00
177, 1037.55, 1037.55, 286699.00
177, 1037.55, 1037.55, 286864.00
178, 1037.55, 1037.55, 286803.00
179, 1037.55, 1037.55, 286787.00
180, 1037.55, 1037.55, 286800.00
181, 1037.55, 1037.55, 286917.00
181, 1037.55, 1037.55, 286795.00
182, 1037.55, 1037.55, 286887.00
183, 1037.55, 1037.55, 287003.00
184, 1037.55, 1037.55, 287026.00
185, 1037.55, 1037.55, 286943.00
185, 1037.55, 1037.55, 286970.00
186, 1037.55, 1037.55, 286527.00
187, 1037.55, 1037.55, 286863.00
188, 1037.55, 1037.55, 287120.00
189, 1037.55, 1037.55, 289211.00
189, 1037.55, 1037.55, 293049.00
190, 1037.55, 1037.55, 296169.00
191, 1037.55, 1037.55, 302477.00
192, 1037.55, 1037.55, 305566.00
193, 1037.55, 1037.55, 309943.00
193, 1037.55, 1037.55, 315388.00
194, 1037.55, 1037.55, 321539.00
195, 1037.55, 1037.55, 321101.00
196, 1037.55, 1037.55, 321035.00
197, 1037.55, 1037.55, 320935.00
197, 1037.55, 1037.55, 320858.00
198, 1037.55, 1037.55, 320644.00
199, 1037.55, 1037.55, 320534.00
200, 1037.55, 1037.55, 320614.00
201, 1037.55, 1037.55, 320397.00
201, 1037.55, 1037.55, 319942.00
202, 1037.55, 1037.55, 320128.00
203, 1037.55, 1037.55, 320039.00
204, 1037.55, 1037.55, 320366.00
205, 1037.55, 1037.55, 319960.00
205, 1037.55, 1037.55, 320177.00
206, 1037.55, 1037.55, 320059.00
207, 1037.55, 1037.55, 320204.00
208, 1037.55, 1037.55, 319772.00
209, 1037.55, 1037.55, 323706.00
209, 1037.55, 1037.55, 324353.00
210, 1037.55, 1037.55, 324573.00
211, 1037.55, 1037.55, 315592.00
212, 1037.55, 1037.55, 317875.00
213, 1037.55, 1037.55, 295539.00
213, 1037.55, 1037.55, 298683.00
214, 1037.55, 1037.55, 298424.00
215, 1037.55, 1037.55, 299089.00
216, 1037.55, 1037.55, 298458.00
217, 1037.55, 1037.55, 298915.00
217, 1037.55, 1037.55, 298004.00
218, 1037.55, 1037.55, 298270.00
219, 1037.55, 1037.55, 297953.00
220, 1037.55, 1037.55, 298417.00
221, 1037.55, 1037.55, 298384.00
221, 1037.55, 1037.55, 298659.00
222, 1037.55, 1037.55, 298351.00
223, 1037.55, 1037.55, 298732.00
224, 1037.55, 1037.55, 298554.00
225, 1037.55, 1037.55, 298803.00
225, 1037.55, 1037.55, 298620.00
226, 1037.55, 1037.55, 298510.00
227, 1037.55, 1037.55, 298609.00
228, 1037.55, 1037.55, 298336.00
229, 1037.55, 1037.55, 298333.00
229, 1037.55, 1037.55, 298214.00
230, 1037.55, 1037.55, 298186.00
231, 1037.55, 1037.55, 298257.00
232, 1037.55, 1037.55, 298298.00
233, 1037.55, 1037.55, 298575.00
233, 1037.55, 1037.55, 298470.00
234, 1037.55, 1037.55, 298174.00
235, 1037.55, 1037.55, 298472.00
236, 1037.55, 1037.55, 297852.00
237, 1037.55, 1037.55, 297859.00
238, 1037.55, 1037.55, 298016.00
238, 1037.55, 1037.55, 297928.00
239, 1037.55, 1037.55, 297669.00
240, 1037.55, 1037.55, 297739.00
241, 1037.55, 1037.55, 297893.00
242, 1037.55, 1037.55, 298139.00
242, 1037.55, 1037.55, 298256.00
243, 1037.55, 1037.55, 298099.00
244, 1037.55, 1037.55, 298031.00
245, 1037.55, 1037.55, 298004.00
246, 1037.55, 1037.55, 298039.00
246, 1037.55, 1037.55, 298076.00
247, 1037.55, 1037.55, 298088.00
248, 1037.55, 1037.55, 298084.00
249, 1037.55, 1037.55, 298117.00
250, 1037.55, 1037.55, 298011.00
250, 1037.55, 1037.55, 298047.00
251, 1037.55, 1037.55, 297940.00
252, 1037.55, 1037.55, 298208.00
253, 1037.55, 1037.55, 298104.00
254, 1037.55, 1037.55, 298118.00
254, 1037.55, 1037.55, 298092.00
255, 1037.55, 1037.55, 298336.00
256, 1037.55, 1037.55, 303960.00
257, 1037.55, 1037.55, 323076.00
258, 1037.55, 1037.55, 273568.00
258, 1037.55, 1037.55, 301528.00
259, 1037.55, 1037.55, 300195.00
260, 1037.55, 1037.55, 381899.00
261, 1037.55, 1037.55, 317169.00
262, 1037.55, 1037.55, 313984.00
262, 1037.55, 1037.55, 314443.00
263, 1037.55, 1037.55, 314108.00
264, 1037.55, 1037.55, 322076.00
265, 1037.55, 1037.55, 321607.00
266, 1037.55, 1037.55, 321981.00
266, 1037.55, 1037.55, 322039.00
267, 1037.55, 1037.55, 323129.00
268, 1037.55, 1037.55, 322825.00
269, 1037.55, 1037.55, 322883.00
270, 1037.55, 1037.55, 322587.00
270, 1037.55, 1037.55, 322917.00
271, 1037.55, 1037.55, 322752.00
272, 1037.55, 1037.55, 328471.00
273, 1037.55, 1037.55, 322164.00
274, 1037.55, 1037.55, 322765.00
274, 1037.55, 1037.55, 322584.00
275, 1037.55, 1037.55, 322666.00
276, 1037.55, 1037.55, 322866.00
277, 1037.55, 1037.55, 322924.00
278, 1037.55, 1037.55, 322851.00
278, 1037.55, 1037.55, 322859.00
279, 1037.55, 1037.55, 322807.00
280, 1037.55, 1037.55, 321660.00
281, 1037.55, 1037.55, 322991.00
282, 1037.55, 1037.55, 322449.00
282, 1037.55, 1037.55, 323444.00
283, 1037.55, 1037.55, 323753.00
284, 1037.55, 1037.55, 323562.00
285, 1037.55, 1037.55, 323547.00
286, 1037.55, 1037.55, 323312.00
286, 1037.55, 1037.55, 322661.00
287, 1037.55, 1037.55, 322581.00
288, 1037.55, 1037.55, 322727.00
289, 1037.55, 1037.55, 322755.00
290, 1037.55, 1037.55, 322996.00
290, 1037.55, 1037.55, 323169.00
291, 1037.55, 1037.55, 323065.00
292, 1037.55, 1037.55, 323119.00
293, 1037.55, 1037.55, 323211.00
294, 1037.55, 1037.55, 323147.00
294, 1037.55, 1037.55, 323200.00
295, 1037.55, 1037.55, 322970.00
296, 1037.55, 1037.55, 323036.00
297, 1037.55, 1037.55, 322999.00
298, 1037.55, 1037.55, 322984.00
298, 1037.55, 1037.55, 322997.00
299, 1037.55, 1037.55, 323133.00
300, 1037.55, 1037.55, 323115.00
301, 1037.55, 1037.55, 323010.00
302, 1037.55, 1037.55, 323123.00
302, 1037.55, 1037.55, 323181.00
303, 1037.55, 1037.55, 323196.00
304, 1037.55, 1037.55, 323442.00
305, 1037.55, 1037.55, 325006.00
306, 1037.55, 1037.55, 325381.00
306, 1037.55, 1037.55, 325612.00
307, 1037.55, 1037.55, 325489.00
308, 1037.55, 1037.55, 325929.00
309, 1037.55, 1037.55, 326236.00
310, 1037.55, 1037.55, 325802.00
310, 1037.55, 1037.55, 326841.00
311, 1037.55, 1037.55, 328246.00
312, 1037.55, 1037.55, 328143.00
313, 1037.55, 1037.55, 328454.00
314, 1037.55, 1037.55, 328504.00
315, 1037.55, 1037.55, 328316.00
315, 1037.55, 1037.55, 328279.00
316, 1037.55, 1037.55, 329261.00
317, 1037.55, 1037.55, 330636.00
318, 1037.55, 1037.55, 330841.00
319, 1037.55, 1037.55, 330241.00
319, 1037.55, 1037.55, 329508.00
320, 1037.55, 1037.55, 330943.00
321, 1037.55, 1037.55, 330944.00
322, 1037.55, 1037.55, 332075.00
323, 1037.55, 1037.55, 332350.00
323, 1037.55, 1037.55, 332260.00
324, 1037.55, 1037.55, 332499.00
325, 1037.55, 1037.55, 332812.00
326, 1037.55, 1037.55, 333806.00
327, 1037.55, 1037.55, 334887.00
327, 1037.55, 1037.55, 335071.00
328, 1037.55, 1037.55, 334473.00
329, 1037.55, 1037.55, 334963.00
330, 1037.55, 1037.55, 335721.00
331, 1037.55, 1037.55, 336930.00
331, 1037.55, 1037.55, 336934.00
332, 1037.55, 1037.55, 336703.00
333, 1037.55, 1037.55, 337010.00
334, 1037.55, 1037.55, 337207.00
335, 1037.55, 1037.55, 337444.00
335, 1037.55, 1037.55, 338449.00
336, 1037.55, 1037.55, 338592.00
337, 1037.55, 1037.55, 338579.00
338, 1037.55, 1037.55, 338623.00
339, 1037.55, 1037.55, 341062.00
339, 1037.55, 1037.55, 339944.00
340, 1037.55, 1037.55, 340559.00
341, 1037.55, 1037.55, 340554.00
342, 1037.55, 1037.55, 340846.00
343, 1037.55, 1037.55, 341614.00
343, 1037.55, 1037.55, 341671.00
344, 1037.55, 1037.55, 340839.00
345, 1037.55, 1037.55, 343002.00
346, 1037.55, 1037.55, 342746.00
347, 1037.55, 1037.55, 342562.00
347, 1037.55, 1037.55, 344057.00
348, 1037.55, 1037.55, 344213.00
349, 1037.55, 1037.55, 344111.00
350, 1037.55, 1037.55, 344131.00
351, 1037.55, 1037.55, 345009.00
351, 1037.55, 1037.55, 345571.00
352, 1037.55, 1037.55, 345508.00
353, 1037.55, 1037.55, 345581.00
354, 1037.55, 1037.55, 346742.00
355, 1037.55, 1037.55, 346921.00
355, 1037.55, 1037.55, 346495.00
356, 1037.55, 1037.55, 347845.00
357, 1037.55, 1037.55, 347912.00
358, 1037.55, 1037.55, 347703.00
359, 1037.55, 1037.55, 348773.00
359, 1037.55, 1037.55, 348946.00
360, 1037.55, 1037.55, 348926.00
361, 1037.55, 1037.55, 349219.00
362, 1037.55, 1037.55, 349969.00
363, 1037.55, 1037.55, 350132.00
363, 1037.55, 1037.55, 350390.00
364, 1037.55, 1037.55, 351375.00
365, 1037.55, 1037.55, 351551.00
366, 1037.55, 1037.55, 351653.00
367, 1037.55, 1037.55, 351991.00
367, 1037.55, 1037.55, 352762.00
368, 1037.55, 1037.55, 353453.00
369, 1037.55, 1037.55, 353481.00
370, 1037.55, 1037.55, 353303.00
371, 1037.55, 1037.55, 354172.00
371, 1037.55, 1037.55, 354731.00
372, 1037.55, 1037.55, 354710.00
373, 1037.55, 1037.55, 354897.00
374, 1037.55, 1037.55, 355309.00
375, 1037.55, 1037.55, 355259.00
375, 1037.55, 1037.55, 355076.00
376, 1037.55, 1037.55, 355968.00
377, 1037.55, 1037.55, 356571.00
378, 1037.55, 1037.55, 356758.00
379, 1037.55, 1037.55, 356853.00
379, 1037.55, 1037.55, 357150.00
380, 1037.55, 1037.55, 357984.00
381, 1037.55, 1037.55, 358362.00
382, 1037.55, 1037.55, 358613.00
383, 1037.55, 1037.55, 358628.00
383, 1037.55, 1037.55, 359528.00
384, 1037.55, 1037.55, 359511.00
385, 1037.55, 1037.55, 359989.00
386, 1037.55, 1037.55, 360912.00
387, 1037.55, 1037.55, 361303.00
387, 1037.55, 1037.55, 361519.00
388, 1037.55, 1037.55, 361435.00
389, 1037.55, 1037.55, 361341.00
390, 1037.55, 1037.55, 362288.00
391, 1037.55, 1037.55, 362545.00
391, 1037.55, 1037.55, 362528.00
392, 1037.55, 1037.55, 362895.00
393, 1037.55, 1037.55, 363355.00
394, 1037.55, 1037.55, 364097.00
395, 1037.55, 1037.55, 364230.00
396, 1037.55, 1037.55, 364286.00
396, 1037.55, 1037.55, 365311.00
397, 1037.55, 1037.55, 366000.00
398, 1037.55, 1037.55, 366053.00
399, 1037.55, 1037.55, 365991.00
400, 1037.55, 1037.55, 365915.00
400, 1037.55, 1037.55, 366781.00
401, 1037.55, 1037.55, 367117.00
402, 1037.55, 1037.55, 367212.00
403, 1037.55, 1037.55, 367623.00
404, 1037.55, 1037.55, 368085.00
404, 1037.55, 1037.55, 368648.00
405, 1037.55, 1037.55, 368515.00
406, 1037.55, 1037.55, 369634.00
407, 1037.55, 1037.55, 369326.00
408, 1037.55, 1037.55, 368890.00
408, 1037.55, 1037.55, 369360.00
409, 1037.55, 1037.55, 369462.00
410, 1037.55, 1037.55, 370651.00
411, 1037.55, 1037.55, 371324.00
412, 1037.55, 1037.55, 371212.00
412, 1037.55, 1037.55, 371159.00
413, 1037.55, 1037.55, 371151.00
414, 1037.55, 1037.55, 371686.00
415, 1037.55, 1037.55, 372074.00
416, 1037.55, 1037.55, 372370.00
416, 1037.55, 1037.55, 372275.00
417, 1037.55, 1037.55, 372554.00
418, 1037.55, 1037.55, 372966.00
419, 1037.55, 1037.55, 373578.00
420, 1037.55, 1037.55, 373940.00
420, 1037.55, 1037.55, 374265.00
421, 1037.55, 1037.55, 374630.00
422, 1037.55, 1037.55, 374587.00
423, 1037.55, 1037.55, 374498.00
424, 1037.55, 1037.55, 376339.00
424, 1037.55, 1037.55, 376344.00
425, 1037.55, 1037.55, 376774.00
426, 1037.55, 1037.55, 376916.00
427, 1037.55, 1037.55, 377133.00
428, 1037.55, 1037.55, 377911.00
428, 1037.55, 1037.55, 378345.00
429, 1037.55, 1037.55, 378613.00
430, 1037.55, 1037.55, 379204.00
431, 1037.55, 1037.55, 379647.00
432, 1037.55, 1037.55, 379991.00
432, 1037.55, 1037.55, 380561.00
433, 1037.55, 1037.55, 380537.00
434, 1037.55, 1037.55, 380630.00
435, 1037.55, 1037.55, 381047.00
436, 1037.55, 1037.55, 381243.00
436, 1037.55, 1037.55, 380924.00
437, 1037.55, 1037.55, 382152.00
438, 1037.55, 1037.55, 382382.00
439, 1037.55, 1037.55, 382716.00
440, 1037.55, 1037.55, 382631.00
440, 1037.55, 1037.55, 382841.00
441, 1037.55, 1037.55, 383410.00
442, 1037.55, 1037.55, 384181.00
443, 1037.55, 1037.55, 384375.00
444, 1037.55, 1037.55, 384486.00
444, 1037.55, 1037.55, 384566.00
445, 1037.55, 1037.55, 384534.00
446, 1037.55, 1037.55, 385063.00
447, 1037.55, 1037.55, 385192.00
448, 1037.55, 1037.55, 385441.00
448, 1037.55, 1037.55, 385358.00
449, 1037.55, 1037.55, 385704.00
450, 1037.55, 1037.55, 385566.00
451, 1037.55, 1037.55, 385558.00
452, 1037.55, 1037.55, 385832.00
452, 1037.55, 1037.55, 386157.00
453, 1037.55, 1037.55, 386242.00
454, 1037.55, 1037.55, 386367.00
455, 1037.55, 1037.55, 386594.00
456, 1037.55, 1037.55, 386533.00
456, 1037.55, 1037.55, 386467.00
457, 1037.55, 1037.55, 386663.00
458, 1037.55, 1037.55, 386612.00
459, 1037.55, 1037.55, 386559.00
460, 1037.55, 1037.55, 386663.00
460, 1037.55, 1037.55, 386674.00
461, 1037.55, 1037.55, 386538.00
462, 1037.55, 1037.55, 386686.00
463, 1037.55, 1037.55, 386660.00
464, 1037.55, 1037.55, 386750.00
464, 1037.55, 1037.55, 386528.00
465, 1037.55, 1037.55, 386727.00
466, 1037.55, 1037.55, 386796.00
467, 1037.55, 1037.55, 386620.00
468, 1037.55, 1037.55, 386826.00
468, 1037.55, 1037.55, 386729.00
469, 1037.55, 1037.55, 386724.00
470, 1037.55, 1037.55, 386697.00
471, 1037.55, 1037.55, 386733.00
472, 1037.55, 1037.55, 386774.00
472, 1037.55, 1037.55, 386596.00
473, 1037.55, 1037.55, 386762.00
474, 1037.55, 1037.55, 386797.00
475, 1037.55, 1037.55, 386676.00
476, 1037.55, 1037.55, 386752.00
477, 1037.55, 1037.55, 386774.00
477, 1037.55, 1037.55, 386618.00
478, 1037.55, 1037.55, 386697.00
479, 1037.55, 1037.55, 386839.00
480, 1037.55, 1037.55, 386754.00
481, 1037.55, 1037.55, 386743.00
481, 1037.55, 1037.55, 386828.00
482, 1037.55, 1037.55, 386875.00
483, 1037.55, 1037.55, 386113.00
484, 1037.55, 1037.55, 385318.00
485, 1037.55, 1037.55, 385302.00
485, 1037.55, 1037.55, 385893.00
486, 1037.55, 1037.55, 385650.00
487, 1037.55, 1037.55, 386115.00
488, 1037.55, 1037.55, 386075.00
489, 1037.55, 1037.55, 385996.00
489, 1037.55, 1037.55, 386018.00
490, 1037.55, 1037.55, 386120.00
491, 1037.55, 1037.55, 386104.00
492, 1037.55, 1037.55, 386059.00
493, 1037.55, 1037.55, 386012.00
493, 1037.55, 1037.55, 386067.00
494, 1037.55, 1037.55, 386101.00
495, 1037.55, 1037.55, 386054.00
496, 1037.55, 1037.55, 386087.00
497, 1037.55, 1037.55, 386014.00
497, 1037.55, 1037.55, 386083.00
498, 1037.55, 1037.55, 385843.00
499, 1037.55, 1037.55, 385773.00
500, 1037.55, 1037.55, 385910.00
501, 1037.55, 1037.55, 386175.00
501, 1037.55, 1037.55, 386010.00
502, 1037.55, 1037.55, 386085.00
503, 1037.55, 1037.55, 386035.00
504, 1037.55, 1037.55, 386002.00
505, 1037.55, 1037.55, 386017.00
505, 1037.55, 1037.55, 386167.00
506, 1037.55, 1037.55, 386089.00
507, 1037.55, 1037.55, 392261.00
508, 1037.55, 1037.55, 370848.00
509, 1037.55, 1037.55, 280738.00
509, 1037.55, 1037.55, 301473.00
510, 1037.55, 1037.55, 218321.00
511, 1037.55, 1037.55, 218662.00
512, 1037.55, 1037.55, 218704.00
513, 1037.55, 1037.55, 218773.00
513, 1037.55, 1037.55, 218878.00
514, 1037.55, 1037.55, 218898.00
515, 1037.55, 1037.55, 218924.00
516, 1037.55, 1037.55, 219009.00
517, 1037.55, 1037.55, 218996.00
517, 1037.55, 1037.55, 236795.00
518, 1037.55, 1037.55, 309551.00
519, 1037.55, 1037.55, 321894.00
520, 1037.55, 1037.55, 349397.00
521, 1037.55, 1037.55, 350336.00
521, 1037.55, 1037.55, 351477.00
522, 1037.55, 1037.55, 351731.00
523, 1037.55, 1037.55, 350206.00
524, 1037.55, 1037.55, 349500.00
525, 1037.55, 1037.55, 349973.00
525, 1037.55, 1037.55, 351704.00
526, 1037.55, 1037.55, 351663.00
527, 1037.55, 1037.55, 351169.00
528, 1037.55, 1037.55, 350518.00
529, 1037.55, 1037.55, 350762.00
529, 1037.55, 1037.55, 351290.00
530, 1037.55, 1037.55, 351740.00
531, 1037.55, 1037.55, 351247.00
532, 1037.55, 1037.55, 350430.00
533, 1037.55, 1037.55, 350738.00
533, 1037.55, 1037.55, 350950.00
534, 1037.55, 1037.55, 351204.00
535, 1037.55, 1037.55, 351067.00
536, 1037.55, 1037.55, 350774.00
537, 1037.55, 1037.55, 350741.00
537, 1037.55, 1037.55, 350789.00
538, 1037.55, 1037.55, 351115.00
539, 1037.55, 1037.55, 339035.00
540, 1037.55, 1037.55, 277614.00
541, 1037.55, 1037.55, 218404.00
541, 1037.55, 1037.55, 218438.00
542, 1037.55, 1037.55, 218601.00
543, 1037.55, 1037.55, 218474.00
544, 1037.55, 1037.55, 218529.00
545, 1037.55, 1037.55, 218636.00
545, 1037.55, 1037.55, 218673.00
546, 1037.55, 1037.55, 222315.00
547, 1037.55, 1037.55, 237113.00
548, 1037.55, 1037.55, 284637.00
549, 1037.55, 1037.55, 313335.00
549, 1037.55, 1037.55, 307408.00
550, 1037.55, 1037.55, 305343.00
551, 1037.55, 1037.55, 305829.00
552, 1037.55, 1037.55, 306433.00
553, 1037.55, 1037.55, 307363.00
553, 1037.55, 1037.55, 306137.00
554, 1037.55, 1037.55, 306813.00
555, 1037.55, 1037.55, 307258.00
556, 1037.55, 1037.55, 307602.00
557, 1037.55, 1037.55, 306923.00
558, 1037.55, 1037.55, 306925.00
558, 1037.55, 1037.55, 307374.00
559, 1037.55, 1037.55, 306915.00
560, 1037.55, 1037.55, 306926.00
561, 1037.55, 1037.55, 306953.00
562, 1037.55, 1037.55, 307264.00
562, 1037.55, 1037.55, 307208.00
563, 1037.55, 1037.55, 306917.00
564, 1037.55, 1037.55, 307071.00
565, 1037.55, 1037.55, 306438.00
566, 1037.55, 1037.55, 307253.00
566, 1037.55, 1037.55, 307194.00
567, 1037.55, 1037.55, 307130.00
568, 1037.55, 1037.55, 307147.00
569, 1037.55, 1037.55, 308758.00
570, 1037.55, 1037.55, 307283.00
570, 1037.55, 1037.55, 307370.00
571, 1037.55, 1037.55, 307295.00
572, 1037.55, 1037.55, 307136.00
573, 1037.55, 1037.55, 307370.00
574, 1037.55, 1037.55, 307260.00
574, 1037.55, 1037.55, 307208.00
575, 1037.55, 1037.55, 307410.00
576, 1037.55, 1037.55, 307221.00
577, 1037.55, 1037.55, 307364.00
578, 1037.55, 1037.55, 307359.00
578, 1037.55, 1037.55, 307329.00
579, 1037.55, 1037.55, 307269.00
580, 1037.55, 1037.55, 307354.00
581, 1037.55, 1037.55, 307455.00
582, 1037.55, 1037.55, 307213.00
582, 1037.55, 1037.55, 306954.00
583, 1037.55, 1037.55, 307429.00
584, 1037.55, 1037.55, 307668.00
585, 1037.55, 1037.55, 307413.00
586, 1037.55, 1037.55, 307558.00
586, 1037.55, 1037.55, 307425.00
587, 1037.55, 1037.55, 307379.00
588, 1037.55, 1037.55, 307338.00
589, 1037.55, 1037.55, 307420.00
590, 1037.55, 1037.55, 307266.00
590, 1037.55, 1037.55, 307335.00
591, 1037.55, 1037.55, 307358.00
592, 1037.55, 1037.55, 307400.00
593, 1037.55, 1037.55, 307743.00
594, 1037.55, 1037.55, 308114.00
594, 1037.55, 1037.55, 308820.00
595, 1037.55, 1037.55, 308074.00
596, 1037.55, 1037.55, 307586.00
597, 1037.55, 1037.55, 307669.00
598, 1037.55, 1037.55, 307835.00
598, 1037.55, 1037.55, 305478.00
599, 1037.55, 1037.55, 305616.00
600, 1037.55, 1037.55, 305721.00
601, 1037.55, 1037.55, 305526.00
602, 1037.55, 1037.55, 305676.00
602, 1037.55, 1037.55, 305675.00
603, 1037.55, 1037.55, 305494.00
604, 1037.55, 1037.55, 305828.00
605, 1037.55, 1037.55, 305688.00
606, 1037.55, 1037.55, 305423.00
606, 1037.55, 1037.55, 305800.00
607, 1037.55, 1037.55, 306134.00
608, 1037.55, 1037.55, 305571.00
609, 1037.55, 1037.55, 305575.00
610, 1037.55, 1037.55, 305651.00
610, 1037.55, 1037.55, 305690.00
611, 1037.55, 1037.55, 305690.00
612, 1037.55, 1037.55, 305632.00
613, 1037.55, 1037.55, 305696.00
614, 1037.55, 1037.55, 305671.00
614, 1037.55, 1037.55, 305709.00
615, 1037.55, 1037.55, 305664.00
616, 1037.55, 1037.55, 305714.00
617, 1037.55, 1037.55, 305741.00
618, 1037.55, 1037.55, 305658.00
618, 1037.55, 1037.55, 305671.00
619, 1037.55, 1037.55, 305749.00
620, 1037.55, 1037.55, 305652.00
621, 1037.55, 1037.55, 305715.00
622, 1037.55, 1037.55, 305744.00
622, 1037.55, 1037.55, 305719.00
623, 1037.55, 1037.55, 305810.00
624, 1037.55, 1037.55, 305502.00
625, 1037.55, 1037.55, 305550.00
626, 1037.55, 1037.55, 305633.00
626, 1037.55, 1037.55, 305746.00
627, 1037.55, 1037.55, 305786.00
628, 1037.55, 1037.55, 305636.00
629, 1037.55, 1037.55, 305650.00
630, 1037.55, 1037.55, 305714.00
630, 1037.55, 1037.55, 304296.00
631, 1037.55, 1037.55, 259326.00
632, 1037.55, 1037.55, 219476.00
633, 1037.55, 1037.55, 219864.00
634, 1037.55, 1037.55, 220121.00
634, 1037.55, 1037.55, 220314.00
635, 1037.55, 1037.55, 219594.00
636, 1037.55, 1037.55, 220313.00
637, 1037.55, 1037.55, 220140.00
638, 1037.55, 1037.55, 220371.00
639, 1037.55, 1037.55, 220288.00
639, 1037.55, 1037.55, 220421.00
640, 1037.55, 1037.55, 220396.00
641, 1037.55, 1037.55, 223747.00
642, 1037.55, 1037.55, 281566.00
643, 1037.55, 1037.55, 277391.00
643, 1037.55, 1037.55, 280479.00
644, 1037.55, 1037.55, 280517.00
645, 1037.55, 1037.55, 280716.00
646, 1037.55, 1037.55, 280534.00
647, 1037.55, 1037.55, 280687.00
647, 1037.55, 1037.55, 280835.00
648, 1037.55, 1037.55, 281153.00
649, 1037.55, 1037.55, 282560.00
650, 1037.55, 1037.55, 279493.00
651, 1037.55, 1037.55, 279723.00
651, 1037.55, 1037.55, 279914.00
652, 1037.55, 1037.55, 279809.00
653, 1037.55, 1037.55, 279928.00
654, 1037.55, 1037.55, 279982.00
655, 1037.55, 1037.55, 279984.00
655, 1037.55, 1037.55, 279961.00
656, 1037.55, 1037.55, 279814.00
657, 1037.55, 1037.55, 280021.00
658, 1037.55, 1037.55, 280211.00
659, 1037.55, 1037.55, 279768.00
659, 1037.55, 1037.55, 279969.00
660, 1037.55, 1037.55, 280131.00
661, 1037.55, 1037.55, 280012.00
662, 1037.55, 1037.55, 280144.00
663, 1037.55, 1037.55, 280020.00
663, 1037.55, 1037.55, 279756.00
664, 1037.55, 1037.55, 280120.00
665, 1037.55, 1037.55, 280225.00
666, 1037.55, 1037.55, 279777.00
667, 1037.55, 1037.55, 279663.00
667, 1037.55, 1037.55, 279709.00
668, 1037.55, 1037.55, 279720.00
669, 1037.55, 1037.55, 279722.00
670, 1037.55, 1037.55, 279680.00
671, 1037.55, 1037.55, 279711.00
671, 1037.55, 1037.55, 279717.00
672, 1037.55, 1037.55, 279687.00
673, 1037.55, 1037.55, 279692.00
674, 1037.55, 1037.55, 279774.00
675, 1037.55, 1037.55, 279715.00
675, 1037.55, 1037.55, 279708.00
676, 1037.55, 1037.55, 279769.00
677, 1037.55, 1037.55, 279725.00
678, 1037.55, 1037.55, 279766.00
679, 1037.55, 1037.55, 279765.00
679, 1037.55, 1037.55, 279729.00
680, 1037.55, 1037.55, 279817.00
681, 1037.55, 1037.55, 279838.00
682, 1037.55, 1037.55, 279627.00
683, 1037.55, 1037.55, 279719.00
683, 1037.55, 1037.55, 279666.00
684, 1037.55, 1037.55, 279648.00
685, 1037.55, 1037.55, 279693.00
686, 1037.55, 1037.55, 279761.00
687, 1037.55, 1037.55, 279735.00
687, 1037.55, 1037.55, 279785.00
688, 1037.55, 1037.55, 279812.00
689, 1037.55, 1037.55, 279717.00
690, 1037.55, 1037.55, 279834.00
691, 1037.55, 1037.55, 279824.00
691, 1037.55, 1037.55, 279757.00
692, 1037.55, 1037.55, 279830.00
693, 1037.55, 1037.55, 279774.00
694, 1037.55, 1037.55, 279845.00
695, 1037.55, 1037.55, 280017.00
695, 1037.55, 1037.55, 279969.00
696, 1037.55, 1037.55, 279749.00
697, 1037.55, 1037.55, 279788.00
698, 1037.55, 1037.55, 279882.00
699, 1037.55, 1037.55, 279804.00
699, 1037.55, 1037.55, 279826.00
700, 1037.55, 1037.55, 279875.00
701, 1037.55, 1037.55, 279822.00
702, 1037.55, 1037.55, 279829.00
703, 1037.55, 1037.55, 279879.00
703, 1037.55, 1037.55, 279849.00
704, 1037.55, 1037.55, 279822.00
705, 1037.55, 1037.55, 279836.00
706, 1037.55, 1037.55, 279846.00
707, 1037.55, 1037.55, 279888.00
707, 1037.55, 1037.55, 279803.00
708, 1037.55, 1037.55, 279845.00
709, 1037.55, 1037.55, 279869.00
710, 1037.55, 1037.55, 279882.00
711, 1037.55, 1037.55, 279841.00
711, 1037.55, 1037.55, 279580.00
712, 1037.55, 1037.55, 279577.00
713, 1037.55, 1037.55, 278438.00
714, 1037.55, 1037.55, 279026.00
715, 1037.55, 1037.55, 279187.00
716, 1037.55, 1037.55, 279101.00
716, 1037.55, 1037.55, 279172.00
